matrix A :
  5.00000   1.00000  14.00000   8.00000
  1.00000   4.00000  10.00000   7.00000
 14.00000  10.00000  14.00000   2.00000
  8.00000   7.00000   2.00000   0.00000

times = 0
eigenvalue , A after iteration
 -5.20544  -5.08254  -0.00000   5.28657
 -5.08254   4.00000   8.66993   7.00000
 -0.00000   8.66993  24.20544   6.32868
  5.28657   7.00000   6.32868   0.00000

eigenvector
  0.80809   0.00000   0.58906   0.00000
  0.00000   1.00000   0.00000   0.00000
 -0.58906   0.00000   0.80809   0.00000
  0.00000   0.00000   0.00000   1.00000

Av
 -4.20645   1.00000  14.25853   8.00000
 -5.08254   4.00000   8.66993   7.00000
  3.06633  10.00000  19.56010   2.00000
  5.28657   7.00000   6.32868   0.00000

Lv
 -4.20645   1.00000  14.25853   8.00000
 -5.08254   4.00000   8.66993   7.00000
  3.06633  10.00000  19.56010   2.00000
  5.28657   7.00000   6.32868   0.00000

norm = 6.88338e-015

Check Orthogonal
  1.00000   0.00000   0.00000   0.00000
  0.00000   1.00000   0.00000   0.00000
  0.00000   0.00000   1.00000   0.00000
  0.00000   0.00000   0.00000   1.00000

times = 1
eigenvalue , A after iteration
 -5.20544  -4.76632  -1.76479   5.28657
 -4.76632   0.78984  -0.00000   4.36699
 -1.76479  -0.00000  27.41560   8.36550
  5.28657   4.36699   8.36550   0.00000

eigenvector
  0.80809  -0.20454   0.55241   0.00000
  0.00000   0.93778   0.34723   0.00000
 -0.58906  -0.28059   0.75781   0.00000
  0.00000   0.00000   0.00000   1.00000

Av
 -4.20645  -4.01315  13.71862   8.00000
 -5.08254   0.74070   9.51941   7.00000
  3.06633   2.58604  21.81536   2.00000
  5.28657   4.36699   8.36550   0.00000

Lv
 -4.20645  -4.01315  13.71862   8.00000
 -5.08254   0.74070   9.51941   7.00000
  3.06633   2.58604  21.81536   2.00000
  5.28657   4.36699   8.36550   0.00000

norm = 6.21725e-015

Check Orthogonal
  1.00000   0.00000   0.00000   0.00000
  0.00000   1.00000   0.00000   0.00000
  0.00000   0.00000   1.00000   0.00000
  0.00000   0.00000   0.00000   1.00000

times = 2
eigenvalue , A after iteration
 -5.20544  -4.76632  -0.26866   5.56688
 -4.76632   0.78984   1.18151   4.20412
 -0.26866   1.18151  29.76661  -0.00000
  5.56688   4.20412  -0.00000  -2.35101

eigenvector
  0.80809  -0.20454   0.53181  -0.14946
  0.00000   0.93778   0.33428  -0.09394
 -0.58906  -0.28059   0.72955  -0.20503
  0.00000   0.00000   0.27056   0.96270

Av
 -4.20645  -4.01315  15.37141   3.99000
 -5.08254   0.74070  11.05826   4.16341
  3.06633   2.58604  21.54286  -3.97685
  5.28657   4.36699   8.05350  -2.26333

Lv
 -4.20645  -4.01315  15.37141   3.99000
 -5.08254   0.74070  11.05826   4.16341
  3.06633   2.58604  21.54286  -3.97685
  5.28657   4.36699   8.05350  -2.26333

norm = 1.06581e-014

Check Orthogonal
  1.00000   0.00000   0.00000   0.00000
  0.00000   1.00000   0.00000   0.00000
  0.00000   0.00000   1.00000   0.00000
  0.00000   0.00000   0.00000   1.00000

times = 3
eigenvalue , A after iteration
 -9.52514  -6.34293  -0.21226  -0.00000
 -6.34293   0.78984   1.18151   0.39947
 -0.21226   1.18151  29.76661  -0.16470
 -0.00000   0.39947  -0.16470   1.96869

eigenvector
  0.73005  -0.20454   0.53181   0.37732
  0.05759   0.93778   0.33428  -0.07422
 -0.33969  -0.28059   0.72955  -0.52311
 -0.59018   0.00000   0.27056   0.76058

Av
 -5.76935  -4.01315  15.37141   0.57352
 -6.56781   0.74070  11.05826   0.17344
  4.86054   2.58604  21.54286  -1.26208
  5.56416   4.36699   8.05350   1.45279

Lv
 -5.76935  -4.01315  15.37141   0.57352
 -6.56781   0.74070  11.05826   0.17344
  4.86054   2.58604  21.54286  -1.26208
  5.56416   4.36699   8.05350   1.45279

norm = 9.99201e-015

Check Orthogonal
  1.00000   0.00000   0.00000   0.00000
  0.00000   1.00000   0.00000   0.00000
  0.00000   0.00000   1.00000   0.00000
  0.00000   0.00000   0.00000   1.00000

times = 4
eigenvalue , A after iteration
-12.54277  -0.00000   0.31591   0.17161
 -0.00000   3.80747   1.15811   0.36072
  0.31591   1.15811  29.76661  -0.16470
  0.17161   0.36072  -0.16470   1.96869

eigenvector
  0.57138  -0.49834   0.53181   0.37732
  0.45488   0.82209   0.33428  -0.07422
 -0.42729  -0.10744   0.72955  -0.52311
 -0.53295   0.25355   0.27056   0.76058

Av
 -6.93389  -1.14539  15.37141   0.57352
 -5.61263   3.49044  11.05826   0.17344
  5.50013   0.24712  21.54286  -1.26208
  6.90061   1.55306   8.05350   1.45279

Lv
 -6.93389  -1.14539  15.37141   0.57352
 -5.61263   3.49044  11.05826   0.17344
  5.50013   0.24712  21.54286  -1.26208
  6.90061   1.55306   8.05350   1.45279

norm = 1.06304e-014

Check Orthogonal
  1.00000   0.00000   0.00000   0.00000
  0.00000   1.00000   0.00000   0.00000
  0.00000   0.00000   1.00000   0.00000
  0.00000   0.00000   0.00000   1.00000

times = 5
eigenvalue , A after iteration
-12.54277  -0.01405   0.31560   0.17161
 -0.01405   3.75590   0.00000   0.36769
  0.31560   0.00000  29.81817  -0.14850
  0.17161   0.36769  -0.14850   1.96869

eigenvector
  0.57138  -0.52150   0.50912   0.37732
  0.45488   0.80641   0.37051  -0.07422
 -0.42729  -0.13979   0.72405  -0.52311
 -0.53295   0.24126   0.28157   0.76058

Av
 -6.93389  -1.82799  15.30525   0.57352
 -5.61263   2.99511  11.20257   0.17344
  5.50013  -0.71136  21.53253  -1.26208
  6.90061   1.19330   8.11461   1.45279

Lv
 -6.93389  -1.82799  15.30525   0.57352
 -5.61263   2.99511  11.20257   0.17344
  5.50013  -0.71136  21.53253  -1.26208
  6.90061   1.19330   8.11461   1.45279

norm = 1.12133e-014

Check Orthogonal
  1.00000   0.00000   0.00000   0.00000
  0.00000   1.00000   0.00000   0.00000
  0.00000   0.00000   1.00000   0.00000
  0.00000   0.00000   0.00000   1.00000

times = 6
eigenvalue , A after iteration
-12.54277   0.01950   0.31560   0.17108
  0.01950   3.82860  -0.02880   0.00000
  0.31560  -0.02880  29.81817  -0.14568
  0.17108   0.00000  -0.14568   1.89600

eigenvector
  0.57138  -0.43842   0.50912   0.47129
  0.45488   0.77670   0.37051  -0.22921
 -0.42729  -0.23858   0.72405  -0.48606
 -0.53295   0.38419   0.28157   0.69935

Av
 -6.93389  -1.68205  15.30525   0.91716
 -5.61263   2.97188  11.20257  -0.41073
  5.50013  -0.94262  21.53253  -1.10016
  6.90061   1.45240   8.11461   1.19377

Lv
 -6.93389  -1.68205  15.30525   0.91716
 -5.61263   2.97188  11.20257  -0.41073
  5.50013  -0.94262  21.53253  -1.10016
  6.90061   1.45240   8.11461   1.19377

norm = 8.10463e-015

Check Orthogonal
  1.00000   0.00000   0.00000   0.00000
  0.00000   1.00000   0.00000   0.00000
  0.00000   0.00000   1.00000   0.00000
  0.00000   0.00000   0.00000   1.00000

times = 7
eigenvalue , A after iteration
-12.54512   0.01971   0.00000   0.17216
  0.01971   3.82860  -0.02865   0.00000
  0.00000  -0.02865  29.82052  -0.14440
  0.17216   0.00000  -0.14440   1.89600

eigenvector
  0.56757  -0.43842   0.51336   0.47129
  0.45211   0.77670   0.37389  -0.22921
 -0.43267  -0.23858   0.72084  -0.48606
 -0.53503   0.38419   0.27759   0.69935

Av
 -7.04771  -1.68205  15.25317   0.91716
 -5.69593   2.97188  11.16045  -0.41073
  5.33956  -0.94262  21.57290  -1.10016
  6.83997   1.45240   8.16580   1.19377

Lv
 -7.04771  -1.68205  15.25317   0.91716
 -5.69593   2.97188  11.16045  -0.41073
  5.33956  -0.94262  21.57290  -1.10016
  6.83997   1.45240   8.16580   1.19377

norm = 8.10463e-015

Check Orthogonal
  1.00000   0.00000   0.00000   0.00000
  0.00000   1.00000   0.00000   0.00000
  0.00000   0.00000   1.00000   0.00000
  0.00000   0.00000   0.00000   1.00000

times = 8
eigenvalue , A after iteration
-12.54717   0.01971   0.00172  -0.00000
  0.01971   3.82860  -0.02865   0.00023
  0.00172  -0.02865  29.82052  -0.14439
 -0.00000   0.00023  -0.14439   1.89805

eigenvector
  0.56191  -0.43842   0.51336   0.47802
  0.45481   0.77670   0.37389  -0.22380
 -0.42685  -0.23858   0.72084  -0.49119
 -0.54333   0.38419   0.27759   0.69292

Av
 -7.05815  -1.68205  15.25317   0.83309
 -5.69063   2.97188  11.16045  -0.47859
  5.35230  -0.94262  21.57290  -1.03643
  6.82526   1.45240   8.16580   1.27521

Lv
 -7.05815  -1.68205  15.25317   0.83309
 -5.69063   2.97188  11.16045  -0.47859
  5.35230  -0.94262  21.57290  -1.03643
  6.82526   1.45240   8.16580   1.27521

norm = 1.08802e-014

Check Orthogonal
  1.00000   0.00000   0.00000   0.00000
  0.00000   1.00000   0.00000   0.00000
  0.00000   0.00000   1.00000   0.00000
  0.00000   0.00000   0.00000   1.00000

times = 9
eigenvalue , A after iteration
-12.54717   0.01971   0.00172   0.00001
  0.01971   3.82860  -0.02865   0.00009
  0.00172  -0.02865  29.82127   0.00000
  0.00001   0.00009   0.00000   1.89731

eigenvector
  0.56191  -0.43842   0.51088   0.48067
  0.45481   0.77670   0.37504  -0.22187
 -0.42685  -0.23858   0.72337  -0.48745
 -0.54333   0.38419   0.27400   0.69435

Av
 -7.05815  -1.68205  15.24866   0.91195
 -5.69063   2.97188  11.16277  -0.42088
  5.35230  -0.94262  21.57797  -0.92487
  6.82526   1.45240   8.15909   1.31742

Lv
 -7.05815  -1.68205  15.24866   0.91195
 -5.69063   2.97188  11.16277  -0.42088
  5.35230  -0.94262  21.57797  -0.92487
  6.82526   1.45240   8.15909   1.31742

norm = 1.03251e-014

Check Orthogonal
  1.00000   0.00000   0.00000   0.00000
  0.00000   1.00000   0.00000   0.00000
  0.00000   0.00000   1.00000   0.00000
  0.00000   0.00000   0.00000   1.00000

times = 10
eigenvalue , A after iteration
-12.54717   0.01971   0.00170   0.00001
  0.01971   3.82856   0.00000   0.00009
  0.00170   0.00000  29.82130  -0.00000
  0.00001   0.00009  -0.00000   1.89731

eigenvector
  0.56191  -0.43785   0.51136   0.48067
  0.45481   0.77712   0.37419  -0.22187
 -0.42685  -0.23779   0.72363  -0.48745
 -0.54333   0.38449   0.27358   0.69435

Av
 -7.05815  -1.66524  15.25051   0.91195
 -5.69063   2.98418  11.15949  -0.42088
  5.35230  -0.91884  21.57900  -0.92487
  6.82526   1.46140   8.15749   1.31742

Lv
 -7.05815  -1.66524  15.25051   0.91195
 -5.69063   2.98418  11.15949  -0.42088
  5.35230  -0.91884  21.57900  -0.92487
  6.82526   1.46140   8.15749   1.31742

norm = 1.18794e-014

Check Orthogonal
  1.00000   0.00000   0.00000   0.00000
  0.00000   1.00000   0.00000   0.00000
  0.00000   0.00000   1.00000   0.00000
  0.00000   0.00000   0.00000   1.00000

times = 11
eigenvalue , A after iteration
-12.54720  -0.00000   0.00170   0.00001
 -0.00000   3.82859   0.00000   0.00009
  0.00170   0.00000  29.82130  -0.00000
  0.00001   0.00009  -0.00000   1.89731

eigenvector
  0.56244  -0.43718   0.51136   0.48067
  0.45387   0.77766   0.37419  -0.22187
 -0.42656  -0.23830   0.72363  -0.48745
 -0.54379   0.38384   0.27358   0.69435

Av
 -7.05614  -1.67373  15.25051   0.91195
 -5.69422   2.97733  11.15949  -0.42088
  5.35340  -0.91239  21.57900  -0.92487
  6.82349   1.46961   8.15749   1.31742

Lv
 -7.05614  -1.67373  15.25051   0.91195
 -5.69422   2.97733  11.15949  -0.42088
  5.35340  -0.91239  21.57900  -0.92487
  6.82349   1.46961   8.15749   1.31742

norm = 1.29896e-014

Check Orthogonal
  1.00000   0.00000   0.00000   0.00000
  0.00000   1.00000   0.00000   0.00000
  0.00000   0.00000   1.00000   0.00000
  0.00000   0.00000   0.00000   1.00000

times = 12
eigenvalue , A after iteration
-12.54720  -0.00000  -0.00000   0.00001
 -0.00000   3.82859   0.00000   0.00009
 -0.00000   0.00000  29.82130  -0.00000
  0.00001   0.00009  -0.00000   1.89731

eigenvector
  0.56242  -0.43718   0.51139   0.48067
  0.45386   0.77766   0.37420  -0.22187
 -0.42659  -0.23830   0.72362  -0.48745
 -0.54380   0.38384   0.27355   0.69435

Av
 -7.05675  -1.67373  15.25022   0.91195
 -5.69467   2.97733  11.15926  -0.42088
  5.35253  -0.91239  21.57922  -0.92487
  6.82317   1.46961   8.15776   1.31742

Lv
 -7.05675  -1.67373  15.25022   0.91195
 -5.69467   2.97733  11.15926  -0.42088
  5.35253  -0.91239  21.57922  -0.92487
  6.82317   1.46961   8.15776   1.31742

norm = 1.18794e-014

Check Orthogonal
  1.00000   0.00000   0.00000   0.00000
  0.00000   1.00000   0.00000   0.00000
  0.00000   0.00000   1.00000   0.00000
  0.00000   0.00000   0.00000   1.00000

times = 13
eigenvalue , A after iteration
-12.54720   0.00000  -0.00000   0.00001
  0.00000   3.82859   0.00000   0.00000
 -0.00000   0.00000  29.82130  -0.00000
  0.00001   0.00000  -0.00000   1.89731

eigenvector
  0.56242  -0.43716   0.51139   0.48069
  0.45386   0.77765   0.37420  -0.22190
 -0.42659  -0.23832   0.72362  -0.48744
 -0.54380   0.38387   0.27355   0.69433

Av
 -7.05675  -1.67369  15.25022   0.91203
 -5.69467   2.97731  11.15926  -0.42101
  5.35253  -0.91243  21.57922  -0.92483
  6.82317   1.46967   8.15776   1.31735

Lv
 -7.05675  -1.67369  15.25022   0.91203
 -5.69467   2.97731  11.15926  -0.42101
  5.35253  -0.91243  21.57922  -0.92483
  6.82317   1.46967   8.15776   1.31735

norm = 1.39888e-014

Check Orthogonal
  1.00000   0.00000   0.00000   0.00000
  0.00000   1.00000   0.00000   0.00000
  0.00000   0.00000   1.00000   0.00000
  0.00000   0.00000   0.00000   1.00000

times = 14
eigenvalue , A after iteration
-12.54720   0.00000   0.00000  -0.00000
  0.00000   3.82859   0.00000   0.00000
  0.00000   0.00000  29.82130  -0.00000
 -0.00000   0.00000  -0.00000   1.89731

eigenvector
  0.56242  -0.43716   0.51139   0.48069
  0.45386   0.77765   0.37420  -0.22190
 -0.42659  -0.23832   0.72362  -0.48744
 -0.54380   0.38387   0.27355   0.69433

Av
 -7.05675  -1.67369  15.25022   0.91202
 -5.69467   2.97731  11.15926  -0.42101
  5.35254  -0.91243  21.57922  -0.92483
  6.82316   1.46967   8.15776   1.31736

Lv
 -7.05675  -1.67369  15.25022   0.91202
 -5.69467   2.97731  11.15926  -0.42101
  5.35254  -0.91243  21.57922  -0.92483
  6.82316   1.46967   8.15776   1.31736

norm = 1.24345e-014

Check Orthogonal
  1.00000   0.00000   0.00000   0.00000
  0.00000   1.00000   0.00000   0.00000
  0.00000   0.00000   1.00000   0.00000
  0.00000   0.00000   0.00000   1.00000

times = 15
eigenvalue , A after iteration
-12.54720   0.00000   0.00000  -0.00000
  0.00000   3.82859  -0.00000   0.00000
  0.00000  -0.00000  29.82130  -0.00000
 -0.00000   0.00000  -0.00000   1.89731

eigenvector
  0.56242  -0.43716   0.51139   0.48069
  0.45386   0.77765   0.37420  -0.22190
 -0.42659  -0.23832   0.72362  -0.48744
 -0.54380   0.38387   0.27355   0.69433

Av
 -7.05675  -1.67369  15.25022   0.91202
 -5.69467   2.97731  11.15926  -0.42101
  5.35254  -0.91244  21.57922  -0.92483
  6.82316   1.46967   8.15776   1.31736

Lv
 -7.05675  -1.67369  15.25022   0.91202
 -5.69467   2.97731  11.15926  -0.42101
  5.35254  -0.91244  21.57922  -0.92483
  6.82316   1.46967   8.15776   1.31736

norm = 1.22125e-014

Check Orthogonal
  1.00000   0.00000   0.00000   0.00000
  0.00000   1.00000   0.00000   0.00000
  0.00000   0.00000   1.00000   0.00000
  0.00000   0.00000   0.00000   1.00000

